0.5936355 
0.57696176 
0.571651 
0.56764996 
0.5568565 
0.5511933 
0.54917425 
0.5393687 
0.5210036 
0.5258444 
0.5002652 
0.5020107 
0.49662274 
0.49479023 
0.48175082 
0.46295753 
0.4642806 
0.46113595 
0.44107562 
0.43014318 
0.45748204 
0.42892784 
0.41055888 
0.39132544 
0.41793266 
0.3937895 
0.38453066 
0.35631853 
0.4205299 
0.37900406 
0.3939988 
0.3584023 
0.37442392 
0.37050265 
0.36072835 
0.36473498 
0.3495004 
0.342063 
0.3421702 
0.3355575 
0.33951825 
0.3419245 
0.32368806 
0.30843085 
0.32834813 
0.32569835 
0.29319724 
0.29712805 
0.3034094 
0.30528966 
0.3159153 
0.31789988 
0.28617272 
0.32056946 
0.27799696 
0.27731523 
0.3006637 
0.28223246 
0.25438625 
0.27766824 
0.28404877 
0.26560742 
0.24167264 
0.26676238 
0.2298156 
0.25801852 
0.28728807 
0.3178289 
0.29363862 
0.22359245 
0.22331145 
0.24249741 
0.26116797 
0.21203323 
0.2157615 
0.2506867 
0.26722914 
0.25774893 
0.2824725 
0.2094421 
0.26292694 
0.26909977 
0.2483171 
0.24984226 
0.24041276 
0.22157171 
0.23365411 
0.24268016 
0.25940233 
0.22384767 
0.22353749 
0.21077004 
0.2511089 
0.2201573 
0.26156506 
0.26605237 
0.23687677 
0.24394242 
0.20245059 
0.24761602 
0.2412736 
0.22090718 
0.1958139 
0.23096792 
0.22722521 
0.22051291 
0.20610166 
0.25987026 
0.2690404 
0.21110241 
0.29067555 
0.24756491 
0.2577363 
0.23075268 
0.24432974 
0.25010243 
0.2685948 
0.22684398 
0.18473475 
0.22234821 
0.23339078 
0.28241593 
0.21647711 
0.29722837 
0.22818415 
0.25067434 
0.2271801 
0.24159913 
0.26385495 
0.26245716 
0.24106891 
0.22466755 
0.26869822 
0.26457736 
0.26340064 
0.22234137 
0.26932192 
0.24753821 
0.2424109 
0.23246655 
0.23578365 
0.1982079 
0.2317477 
0.23872688 
0.22805877 
0.23469839 
0.23308162 
0.23767051 
0.28462464 
0.2570463 
0.23030233 
0.26234758 
0.27622348 
0.32800186 
0.19469061 
0.32235074 
0.24426866 
0.23875332 
0.21838078 
0.24843356 
0.28982085 
0.22694139 
0.2797279 
0.21910116 
0.28783324 
0.22664988 
0.21364577 
0.24068661 
0.26811272 
0.22903533 
0.23777299 
0.2615393 
0.27270797 
0.19564392 
0.24831577 
0.25123584 
0.2571207 
0.28660268 
0.2847155 
0.25434858 
0.22852604 
0.2347708 
0.23492697 
0.27480537 
0.26427406 
0.23833242 
0.26336116 
0.26555195 
0.25184792 
0.24138208 
0.26374915 
0.2614998 
0.28278425 
0.22383833 
0.219183 
0.25569594 
0.26156753 
0.22698185 
0.25790244 
0.26578975 
0.25960684 
0.26473904 
0.22258873 
0.27190933 
0.26820964 
0.2727976 
0.21845885 
0.24508135 
0.2321908 
0.22742672 
0.26049834 
0.23486094 
0.23298769 
0.21489546 
0.26825464 
0.21594545 
0.21369775 
0.25602487 
0.24854171 
0.24197097 
0.2197624 
0.22227351 
0.21756706 
0.26809996 
0.23162675 
0.22670849 
0.19854555 
0.25562832 
0.2533713 
0.242968 
0.24684902 
0.212111 
0.23624504 
0.22854881 
0.25192553 
0.20195909 
0.22812465 
0.23810911 
0.19080964 
0.24125704 
0.20415905 
0.22116399 
0.20662741 
0.21282545 
0.18078654 
0.24844965 
0.21281385 
0.23048274 
0.21279725 
0.21188264 
0.21881315 
0.22063915 
0.20070978 
0.2375503 
0.20064266 
0.18748748 
0.18561272 
0.23894992 
0.18831918 
0.18784705 
0.21301146 
0.17010477 
0.22089079 
0.22929199 
0.22732413 
0.17644516 
0.18919726 
0.20499809 
0.18033874 
0.2013559 
0.18156639 
0.18947177 
0.19325778 
0.18268204 
0.1946008 
0.21167755 
0.23533276 
0.15072869 
0.23248193 
0.21271177 
0.19455528 
0.17540643 
0.17879751 
0.20344841 
0.1868536 
0.17625311 
0.20138995 
0.16170004 
0.1949991 
0.1927991 
0.16283682 
0.16003554 
0.19209182 
0.17513031 
0.17700681 
0.21426037 
0.20584753 
0.2056469 
0.17468159 
0.1561159 
0.19870129 
0.16748661 
0.2158747 
0.16853409 
0.15346457 
0.17903925 
0.16846746 
0.16902617 
0.15831992 
0.14743662 
0.16011664 
0.2029877 
0.16569881 
0.16541502 
0.19602764 
0.18001279 
0.18958865 
0.16555817 
0.18027821 
0.15338175 
0.1748552 
0.15847139 
0.18820587 
0.19240296 
0.15129603 
0.16202967 
0.13321646 
0.17972942 
0.17047526 
0.17453457 
0.16571803 
0.14947172 
0.16242109 
0.22372396 
0.20063436 
0.1511019 
0.17729716 
0.17855246 
0.17419596 
0.20494989 
0.18884876 
0.14941013 
0.16911367 
0.17790076 
0.20368318 
0.20570746 
0.19677615 
0.16277257 
0.20547704 
0.17199291 
0.16774687 
0.14536652 
0.18066642 
0.16399452 
0.16143735 
0.1705401 
0.19401267 
0.16800441 
0.17100762 
0.1437099 
0.15778841 
0.18361263 
0.19390109 
0.14603457 
0.16584605 
0.16207416 
0.18530773 
0.19907138 
0.14184919 
0.15848544 
0.19369599 
0.14520626 
0.13402322 
0.14737631 
0.15442793 
0.15339527 
0.1514022 
0.15336499 
0.16026708 
0.1689209 
0.20912223 
0.17542584 
0.16842666 
0.16603972 
0.17167743 
0.13712966 
0.2034494 
0.18425146 
0.1571225 
0.16012183 
0.15940851 
0.16809617 
0.15783635 
0.16676202 
0.1656039 
0.17395312 
0.14256215 
0.15483376 
0.17709228 
0.15810746 
0.16198236 
0.18303353 
0.16236857 
0.16999614 
0.13788661 
0.15276626 
0.13398203 
0.16744149 
0.14985368 
0.14697418 
0.1786907 
0.16758135 
0.16452606 
0.147613 
0.15337576 
0.17659317 
0.15997976 
0.15922323 
0.16092837 
0.18582204 
0.14304629 
0.1650472 
0.14400735 
0.14039907 
0.1660901 
0.12698139 
0.15131184 
0.17353098 
0.17052494 
0.16231175 
0.15067229 
0.14550427 
0.13162814 
0.1335806 
0.1277978 
0.16218497 
0.15112287 
0.13878682 
0.18734911 
0.14618497 
0.15842567 
0.14289191 
0.12649938 
0.15750247 
0.129603 
0.14756912 
0.14615074 
0.16025251 
0.11711371 
0.14648955 
0.14661229 
0.14593038 
0.14351706 
0.1466934 
0.14980915 
0.13791135 
0.14153612 
0.17259613 
0.12985656 
0.15533225 
0.13474111 
0.13620229 
0.13406733 
0.13766627 
0.13994701 
0.11670651 
0.13747701 
0.15250337 
0.1365405 
0.121790625 
0.1282951 
0.14496987 
0.13400546 
0.13658649 
0.11159992 
0.120316885 
0.10930674 
0.12204683 
0.1410003 
0.13340455 
0.13008887 
0.116085395 
0.11583114 
0.1212515 
0.12334176 
0.108784005 
0.11604772 
0.1182061 
0.110864125 
0.13853906 
0.13262543 
0.1253993 
0.13002948 
0.14601593 
0.11376717 
0.13264242 
0.11235909 
0.121992886 
0.11165704 
0.12528297 
0.11767183 
0.13700011 
0.112947166 
0.113410614 
0.12157987 
0.11606417 
0.14367309 
0.106226385 
0.123403884 
0.116153896 
0.11460334 
0.09145754 
0.107458055 
0.1339663 
0.11502509 
0.14519015 
0.10615492 
0.10618162 
0.12744533 
0.10103564 
0.11767604 
0.080443665 
0.10305531 
0.13479331 
0.12315303 
0.1121401 
0.11281709 
0.11361617 
0.09543828 
0.08422266 
0.10411408 
0.12284031 
0.11268666 
0.11644952 
0.112699665 
0.10823859 
0.129763 
0.10356791 
0.08825907 
0.09674953 
0.080433354 
0.114124395 
0.10132736 
0.10529085 
0.09599177 
0.108188465 
0.10534954 
0.09809475 
0.10395342 
0.08852177 
0.10722975 
0.086233 
0.094317004 
0.085028864 
0.10130368 
0.100850746 
0.075587496 
0.10048033 
0.08778162 
0.09037057 
0.08155237 
0.10371617 
0.08230199 
0.08566715 
0.086287476 
0.07657071 
0.09007923 
0.086936325 
0.08246803 
0.09626887 
0.089900516 
0.08773664 
0.09503149 
0.09013262 
0.08564474 
0.08829925 
0.0857443 
0.0894176 
0.08019604 
0.09616497 
0.09721914 
0.082261115 
0.095603794 
0.08216678 
0.09033505 
0.07327303 
0.076262355 
0.086325675 
0.09903346 
0.09193088 
0.07546863 
0.084163904 
0.08537115 
0.07416499 
0.07165535 
0.09762639 
0.08036815 
0.07323361 
0.06780943 
0.08038178 
0.08398579 
0.06990634 
0.07692524 
0.07143832 
0.06563123 
0.07692365 
0.08317116 
0.08112235 
0.056335337 
0.08486779 
0.08013695 
0.078515284 
0.082525365 
0.08242745 
0.07432367 
0.07962234 
0.06450733 
0.075925566 
0.07268643 
0.08394671 
0.07021796 
0.07877132 
0.05990879 
0.07576487 
0.06563293 
0.059515398 
0.06766777 
0.06307958 
0.051781915 
0.070220746 
0.06375548 
0.07034258 
0.06430795 
0.06867455 
0.06689072 
0.07971382 
0.063762605 
0.077523425 
0.07284162 
0.08369019 
0.06570211 
0.0701104 
0.054352336 
0.06522741 
0.07217941 
0.07549994 
0.06723641 
0.06792595 
0.073707744 
0.081707284 
0.061416477 
0.068748415 
0.07836591 
0.05236565 
0.053196788 
0.0544617 
0.06263669 
0.062160052 
0.07319401 
0.088507146 
0.061900266 
0.06126926 
0.07012894 
0.06971112 
0.06386627 
0.06594827 
0.06269371 
0.05774941 
0.07871654 
0.0660767 
0.06934063 
0.05193014 
0.06889682 
0.056253523 
0.051161744 
0.071686104 
0.051422823 
0.07480718 
0.06363785 
0.06578462 
0.07156788 
0.050597012 
0.053252958 
0.07649286 
0.06354712 
0.066526964 
0.060983784 
0.068210915 
0.04661331 
0.05934205 
0.06811651 
0.05964734 
0.06946521 
0.06160019 
0.05048921 
0.07063914 
0.08253704 
0.058252443 
0.048945818 
0.08182573 
0.07725962 
0.068913534 
0.07062346 
0.04911335 
0.051839042 
0.05197333 
0.06555498 
0.078541875 
0.05721441 
0.054763563 
0.058383346 
0.08296873 
0.06702891 
0.061657764 
0.06853606 
0.052674484 
0.05304139 
0.048721652 
0.053865515 
0.0477 
0.06492017 
0.052711237 
0.05688711 
0.057867937 
0.05343039 
0.053090908 
0.058406174 
0.06302298 
0.060307987 
0.045564093 
0.057324678 
0.05124893 
0.048540838 
0.06432791 
0.06231005 
0.0618169 
0.06403925 
0.06882888 
0.053182006 
0.052324582 
0.053184945 
0.058639873 
0.053644158 
0.058020264 
0.05355245 
0.051404066 
0.058958072 
0.049836107 
0.050254386 
0.057842225 
0.050791256 
0.054923885 
0.04882666 
0.058177345 
0.065345034 
0.077426456 
0.06938026 
0.05975161 
0.056311272 
0.049728487 
0.07592468 
0.060914688 
0.055169336 
0.04444323 
0.06742828 
0.061881237 
0.0479633 
0.05260045 
0.0582831 
0.065455526 
0.061442833 
0.052699633 
0.05408905 
0.047929354 
0.057887368 
0.055330098 
0.046195075 
0.053865947 
0.05370707 
0.039683923 
0.049726076 
0.05790182 
0.058194123 
0.04784441 
0.048645355 
0.04826514 
0.061353706 
0.054276943 
0.052552145 
0.05525753 
0.05645349 
0.05291281 
0.063328855 
0.05706004 
0.041477386 
0.055995744 
0.061526258 
0.049905192 
0.045628496 
0.052590508 
0.048504215 
0.059102934 
0.040447913 
0.053314954 
0.048701204 
0.054313898 
0.071078464 
0.044845454 
0.039987855 
0.053346448 
0.04546663 
0.06306869 
0.045879275 
0.048702713 
0.05399301 
0.04363545 
0.056254297 
0.059256077 
0.062052716 
0.047431584 
0.05152691 
0.04215201 
0.059423286 
0.052303176 
0.054136526 
0.04880269 
0.04007425 
0.046882506 
0.05710708 
0.06408933 
0.055326514 
0.053509336 
0.056329966 
0.04343295 
0.06896539 
0.060226955 
0.056785543 
0.035958834 
0.055207618 
0.047193557 
0.048001997 
0.06758788 
0.044481136 
0.06037724 
0.048361786 
0.054069858 
0.057483803 
0.050869357 
0.05442796 
0.05545826 
0.049159847 
0.04978744 
0.045557138 
0.057614457 
0.06137529 
0.060919154 
0.042726442 
0.042088915 
0.04360699 
0.044901423 
0.034867533 
0.05468736 
0.047490805 
0.05268977 
0.06277453 
0.05116445 
0.052463006 
0.035068206 
0.047592495 
0.044916555 
0.060207874 
0.047108985 
0.057778876 
0.043924063 
0.042503215 
0.04484043 
0.048262898 
0.04436163 
0.056649297 
0.043787044 
0.051553328 
0.0399217 
0.042849533 
0.05422165 
0.04592841 
0.04068997 
0.055132918 
0.056503087 
0.044739652 
0.04325026 
0.039938517 
0.0595199 
0.043048475 
0.05096665 
0.047380257 
0.045428872 
0.05770431 
0.044698544 
0.061738502 
0.053466637 
0.062424533 
0.04041253 
0.049609154 
0.042591494 
0.05860374 
0.047423787 
0.05566152 
0.0410968 
0.045527972 
0.04040452 
0.04682039 
0.059841346 
0.046539642 
0.05404366 
0.054907314 
0.04457082 
0.040605683 
0.05279041 
0.031774662 
0.040537827 
0.037780873 
0.047462888 
0.047935262 
0.050996162 
0.03814126 
0.0492497 
0.04630253 
0.039328963 
0.055286832 
0.051575225 
0.059294473 
0.06152179 
0.047974817 
0.041937396 
0.054294307 
0.043473624 
0.041454036 
0.049247794 
0.03673952 
0.035642825 
0.044375725 
0.042135015 
0.049670942 
0.043265656 
0.043036766 
0.04855509 
0.04620438 
0.039326183 
0.04904551 
0.047358606 
0.040236007 
0.039127357 
0.04301799 
0.04872372 
0.04961937 
0.04836604 
0.052982904 
0.0443471 
0.051190265 
0.04529671 
0.043727927 
0.055030234 
0.04956825 
0.052040093 
0.037185155 
0.04273347 
0.038321696 
0.04214767 
0.046287727 
0.042149402 
0.049885135 
0.03658868 
0.045137994 
0.046904363 
0.04668287 
0.033251695 
0.032857023 
0.037266534 
0.046025757 
0.03798955 
0.035652585 
0.047742076 
0.040097773 
0.04301641 
0.044053555 
0.04121107 
0.044611126 
0.047543507 
0.03837386 
0.04298573 
0.041610252 
0.047958285 
0.037658475 
0.044786066 
0.044071186 
0.03864148 
0.04736344 
0.04351968 
0.04917517 
0.046871465 
0.050346654 
0.04660809 
0.035200533 
0.041882522 
0.045150675 
0.049679738 
0.033857804 
0.0370078 
0.03929514 
0.043034848 
0.04117615 
0.03773123 
0.04477477 
0.035655044 
0.037292644 
0.052855927 
0.047263503 
0.046898156 
0.03924732 
0.03666656 
0.054028653 
0.03995301 
0.053609192 
0.053349596 
0.038830783 
0.03504442 
0.031753242 
0.033555754 
0.04811669 
0.040644478 
0.042184483 
0.037672665 
0.04453414 
0.036391728 
0.043958053 
0.030361574 
0.043383587 
0.047023028 
0.034206495 
0.029029956 
0.050716747 
0.035010926 
0.039906997 
0.04204847 
0.029016357 
0.044589367 
0.036399893 
0.040792562 
0.036019575 
0.041577954 
0.03244158 
0.041549288 
0.048943646 
0.036899194 
0.031994738 
0.03716063 
0.046773948 
0.038586464 
0.05037483 
0.054279782 
0.03857223 
0.042303313 
0.043591127 
0.03723348 
0.042671915 
0.038924858 
0.041543454 
0.035313923 
0.044589024 
0.04313586 
0.042613663 
0.03543285 
0.030771866 
0.044394173 
0.049138937 
0.034751303 
0.050404895 
0.043844044 
0.04168688 
0.036817208 
0.051682197 
0.0406216 
0.04026998 
0.033568755 
0.02807644 
0.038944386 
0.037513457 
0.048450712 
0.042272575 
0.059403516 
0.04233709 
0.03763046 
0.036388777 
0.028885435 
0.036326252 
0.040667117 
0.034223575 
0.050213207 
0.03777004 
0.041867245 
0.040030003 
0.04097707 
0.03239789 
0.038504988 
0.03903467 
0.043471504 
0.041005045 
0.04078982 
0.031700168 
0.03778241 
0.040675417 
0.03454866 
0.031950377 
0.040509842 
0.04426334 
0.04167897 
0.028345997 
0.03628215 
0.03543099 
0.045359656 
0.042003896 
0.04506818 
0.041294865 
0.04123754 
0.03685186 
0.039463006 
0.04631687 
0.04426028 
0.029385423 
0.030890916 
0.037614934 
0.044759665 
0.038743388 
0.0392415 
0.044847216 
0.03120116 
0.030072141 
0.03704459 
0.042835243 
0.03919394 
0.029721703 
0.04199081 
0.042140327 
0.037977584 
0.044428058 
0.045437586 
0.040147305 
0.03737886 
0.03903628 
0.04468999 
0.04472231 
0.029916111 
0.035337873 
0.03929477 
0.04615472 
0.03196591 
0.031060332 
0.03496731 
0.033418477 
0.030064803 
0.034709495 
0.03285995 
0.034909967 
0.037227627 
0.042512633 
0.038573585 
0.03669235 
0.038224194 
0.030592334 
0.03565218 
0.03870849 
0.03858904 
0.027445879 
0.036242 
0.03170739 
0.036952946 
0.03750155 
0.029179763 
0.03271048 
0.033039194 
0.036448974 
0.03526813 
0.038241576 
0.043887574 
0.025583306 
0.038723756 
0.034659818 
0.048111994 
0.043684192 
0.03523112 
0.03244728 
0.04291277 
0.034524556 
0.029035578 
0.03648477 
0.042341303 
0.046718497 
0.04336889 
0.029011533 
0.036263097 
